# BnF, Français 4715, n°27, f.50r, lignes 4-22 (L01-L03 lues par Tomokiyo) — Montholon → duc de Nevers, Tours, 30/10/1589 (résultat n°13) — transcription du chiffré.
# Chiffre « Vieuville–Nevers » (table publiée par S. Tomokiyo, cryptiana, non reproduite ici). Conventions : NN = lettre ; 'NN = code pointé (mot ou syllabe) ;
# ''NN = code à deux points ; ~NN = nombre surligné (nom) ; ?? illisible ; NN? doute ; [..] = clair de la lettre ou restitution ; « | » = limite de tuile de lecture ;
# ▽ = x ; z = z (« o souligné »). Préfixe = étiquette de ligne ou de segment de l'équipe. Transcription de l'équipe sur les images Gallica (non redistribuées). Licence CC BY 4.0.
L04: 65 25 63 23 95 25 73 '42 20 25 93 85 1 63 83 23 1 '87 '14 '46 '26 '41 '26 '31 73 95 '16 35 25 90 25 73 95 83 23 93 25 75 85 73 23 25 1 23 83 95 '16 65 50 25 1 25 73 95 ~8? 63 73 65 25 70 25
L05: 10 50 23 '16 83 93 65 65 23 75 23 1 '57 65 85 73 20 63 83 65 25 95 63 85 73 '16 10 63 23 73 83 '16 65 23 93 50 ▽ '47 '26 83? 93 63 93 1 85 73 95 70 25 83 84 23 93 73 30 60 85 63 83
L06: '65? 20 25 93 95 23 93 1 83 '16 '82 20 85 73 75 25 73 83 50 23 93 1 25 1 23 83 95 83 93 1 '27 50 85 63 ▽ 20 85 73 75 25 60 23 73 95 25 50 23 83 75 93 1 85 90 25 93 60 23 '19 23? 75?
L07: 63 65 95 75 93 73 63 85 73 '11? '46? '20? 25 1 23 83 95 '29 95 1 85 93 94 23 70 23 93 '16 1 23 70 50 63 '46 '29 25 83 84 23 93 1 23 '26 '16 83 23 63 73 30 '16? ~1 23 83 95 1 23 20 25 93 85 1 63
L08: 83? 23 1 25 93 83 90 ~25 '19 '46 '26 75 63 95 ''84 75 85 63 10 95 '75 '46? 50? '46? 16 65 50 25 1 25 95 63 85 73 '42 ~5? '26? '46? 50 25 23 74 93 85 90 23 '11 '41 '26 60 23 73 95 '16 30 1 23 73 85
L09: ?? 50 23 75? 16 65 50 25 1 25 95 63 85 73 65 ~6? '19 25 60 63 83 30 25 1 73 63 83 85 73 75 25 73 83 '25? 11? 75 23 25 90 ▽ 75 85 73 95 50 23 83 '96? 83 85? 73 95 60 93 95 63 73 23 83
L10: '29 65 1 85 63 95 95 85 93 95 23 83 20 85 63 83 '46 80? 73 '20 83 25 73 83 83? '87? '47 25 1 23 65 23 93 95 1 85 63 83 65 23 73 95 60 63 50 50 23 83 65 93 83 '19 75 63 ▽ 60 63 50 50 23 40 85
L11: 60 23 83 '81? '84? 70 25 83 84 23 '84? '47 '42 25 '75 '41 95 63 1 '26 30 25 95 23 25 93 25 80 85 90 '24 83 65 1 85 90 23 73 95 ~8 '35 '50? 70 85 93 94 85 63 1 85 70 85 83 23 1 '42 50 23 70 23 93 '16 20
L12: 85 1 65 23 83 '48 25 '19 '42 '20? 1 23 '87? 11? 1 23 83 85 50 93 83 '35 50 23 1 23 65 23 93 85 63 1 '89? '16 60 25 90 73 23 50 25 90 25 83 93 1 70 1 63 83 '25 11 '16 50 25 20 23 1 23 24 73 '81? '19 83
L13: 25 63 73 95 80 23 73 95 63 73 23 73 1 16? 18? 25 73 83 80? 23 '29 95 63 23 73 95 25 93 83 83 90 '46 '76? ~44 65 '20? '16 65 50 25 1 23 '57 '25 93 23 1 75 63 73 '19 20 85 73 95 '25 '80? 23 73 ''85? '25
L14: 60 25 63 83 85 73 16 '25 '78? ~21 70 1 63 83 23 25 '51 20 63 50 50 23 83 25 95 1 63 60 85 93 50 23 70 23 93 25 65 85 60 70 25 63 30 73 24 '19 23 73 73 75 63 83 70 93 95 23 '57 60 85
L15: 73 95 63 30 73 90 '41 '14 '48? 60 23 73 24 93 73 30 60 63 73 63 83 95 1 23 '46 60 85 73 95 63 30 73 90 23 60 70 23 65 40 23 '16 70 1 23 65 40 23 1 75 25 63? 50 23 93 1 83 '49 60 23 1 23
L16: '25 60 25 73 16? '42 25 50 23 1 '16 23 20 23 73 75 1 23 95 85 93 25 1 83 '46 '25 93 23 1 75 63 73 25 83 84 63 23 30? 23 '14 '46 '22 '99 1 23 70 1 23 83 23 73 95 23 ?? '46 1 23 30 93 25 1 75 63
L17: 23 83 '16 95 25 73 95 70 50 93 83 70 1 23 83 23? 25 93 85 83 95 1 23 1 23 83 85 50 93 95 63 85 73 '46 75 63 65 23 50 50 23 83 23 73 83 93 63 95 '40 93 85 83 95 1 23 65 85 73 83 23 1 93 25
L18: 95 63 85 73 '40 93 85 83 95 1 23 '96 '12? 70 85 93 94 23 83 65 85 73 20 23 1 23 1 '57 50 23 75 63 95 ''84 '24 '99 '42? 25? 10 23 25 93 65 85 93 70 83? 23? 1 93 63 1 '24 75 85 63 10 95 25 50 23 1 75
L19: 1 85 63 95 25 35 '19 73 '20? 25 75 1 23 83 84 23 25 ~75 80 85 90 '48 25 90 95 75 63 65 95 '19 '25? ?? '19 '27 83 63 23 73 83 '50 83 95 85 73 23 73 95 '16 65 '20? 23 93 23 73 93? 23 65? 73
L20: 95 25 90 25 73 95 '97 25 50 23 93 1 25 75 93 23 73 95 25 63 30 23 '29 95 63 23 73 95 '46 ~24 '50 70 1 23 95 23 73 75 23 60 70 25 1 23 1 16 ''49? '42 '49 '41 95 10 85 93 1 75
L21: 23 25 93 50 ▽ '35 1 23 65 85 30 73 85 63 95 25 93 65 93 73 23 60 23 73 95 ~13 23 95 50 65 85 73 95 63 73 93 23 73 95 '27 23 ▽ 70 23 75 63 95 63 85 73 83 11 73 85 60
L22: 75 93 20 23 93 1 85 90 [Les nouvelles … (clair, gloses : Pavia, Cabude?, Lancastre?, Champagne?, Nevers ; NON transcrit au run 2)]
