# HStAM 4 h Nr. 1411, f.3 — transcription du chiffré (résultat n°53, 15/01/1637)
# Conventions : nombres à 2 chiffres = homophones de lettres ; MAJUSCULE = homophone de polygramme (ch, ei, st…) ; 3 chiffres = code de nomenclateur ;
# [texte] = clair de la lettre ; ? = lecture douteuse (alternative après /) ; # = groupe caché/perdu au bord ; ¤ ∇ ▽ ‡ j = signes spéciaux ; « | » = coupure.
# Préfixe de ligne = folio.bloc/ligne. Transcription de l'équipe sur les images HCPortal (non redistribuées). Licence CC BY 4.0.
f3.U1: 27 39 13 95 N F D 44 89 N 83 11 41 37 G 68 18 35 82 48 97 71 73 30 88 44 P 16 30 61 29 70 25 83 95 13 35 63
f3.U2: 79 31 72 36 25 83 16 D Z 46 84 97 58 44 41 84 97 21 39 15 96 82 48 65 13 89 36 83 23 75 71 N 60 [Vnd] 201 91 49 O ?
f3.U3: 82 84 94/97? 43 79 63 73 R 48 31 18 48 30 27 84 44 77 73 H [das] 46 66 84 80 73 44 60 25 69 76 24 60 69 45 63 16 74 71
f3.U4: 35 42 81 15 39 L 61 63 15 55 83 27 84 13 35 18 93 99 28 15 82 11 25 39 99 68 36 83 239 G 63 79 63 46 16 82 70 10 16 22
f3.U5: [Vnd] 37 36 97 94 57 55 44 63 58 31 56 84 30 39 H 48 42 35 22 62 94 S 23 4? 60 57 87 31 193 [Vnd] F 273 55 63
f3.U6: 210 90 18 73 99 50 411t? 71 95 25 41 84 99 38 39 W 16? 99 11 X 84 58 95 25 26 16 78 18t? G H 27 95 84 71 83
f3.U7: 94 16 30 73 T 66 80 69 30 79 97 27 71 72 81 84 15 26 19 73 R 36 77 91 49/79? 92 35 R 48 63 [Vnd] 144 C 25 Y X 4?
f3.U8: 21 39 76 16 31 j? [Es hat auch ...]
f3.L1: 79 74 36 Z 22 73 N 52 Y 94 27 39 13 57 55 83 77
f3.L2: 95 D 10 G 42 92 35 44 11 43 58 93 63 88 63 43 49 65 63
f3.L3: 55 83 29 84 91 61 18 48 29 16 22 27 84 97 50 97 95 27 79 44 38 41 30 70 19 60 87 94 16 31
f3.L4: [Vnd] 77 39 99 58 71 42 80 35 44 32 71 19 94 58 56 24 35 65 ¤ 29 16 74 39 83 26 79 44
f3.L5: 83 70 N 128 74 73 H 66 38 36 94 11 30 84 176 37 66 97 94 73 22 79 140 31 11 26
f3.L6: 39 31 50 70 22 54 16 22 90 71 9? 38 55 19 26 11 30 79 31 S 23 32 36 74 79 56 36 26
f3.L7: 40 11 54 84 57 52 71 54 O 48 7? 61 26 29 55 30 71/41? 36 16 15 32 79 30 73 18 49 43 61 63
f3.L8: 10 84 L 70 29 16 21 73 N 83 7? 26 36 43 77 Y 83
