# BnF, Français 4715, n°58, f.81r, lignes 18-40 (L01-L17 lues par Tomokiyo) — Montholon → duc de Nevers, Tours, 8/11/1589 (résultat n°5) — transcription du chiffré.
# Chiffre « Vieuville–Nevers » (table publiée par S. Tomokiyo, cryptiana, non reproduite ici). Conventions : NN = lettre ; 'NN = code pointé (mot ou syllabe) ;
# ''NN = code à deux points ; ~NN = nombre surligné (nom) ; ?? illisible ; NN? doute ; [..] = clair de la lettre ou restitution ; « | » = limite de tuile de lecture ;
# ▽ = x ; z = z (« o souligné »). Préfixe = étiquette de ligne ou de segment de l'équipe. Transcription de l'équipe sur les images Gallica (non redistribuées). Licence CC BY 4.0.
L18: 23 73 63 95 ~15 75 93 '46 50 '26 '16 83 63 1 '20 40? ~7 '42 25 '41 93 23 73 63 1 25 23 83 95 1 23 1 85 90 '16 75 23 60 23 93 1 23 1 25 93 23 65 50 93 90 '46 '26 50 23 30 25 95 1 23 93 73 63 83 84 23 95?
L19: 93 83 '27 '64 83 '24 '20 95 1 23 83 73 23 65 23 83 84 25 63 1 23 '46 20 25 63 83 25 73 95 '14 83 95 23 1 23 93 73 63 85 73 '24 1 23 65 85 30 73 85 63 83 84 23 65 23 50 93 90 '47 '20 70 50 93 83?
L20: 40 25 10 63 50 23 25 83 93 65 65 23 75 23 1 '16 83 65 25 95 40 85 50 63 '46 83 '47 23 83 95 ~14 23 95 '16 20 25 83? 23 75 23 65 50 25 1 23 1 ~7 23 95 63 93 83 '46 83 25 '14 '48 70 93 63 83 84 23
L21: 24 83 95 1 23 60 63 83 23 73 50 63 10 23 1 95 23 '42 30 85 93 94 23 1 73 23 1 '19 25 75 60 63 73 63 83 95 1 23 1 50 23 1 85 90 25 93 50 60 23 '46 '2? ~15 83 85 63 95 '16 65 50 23 1 23 1 23 30 23 73 95 23
L22: 95 73 23 70 23 1 60 23 95 1 23 '46 50 25 65 85 93 1 85 73 73 23 83 85 63 95 85 83 95 23 24 '16 50 23 93 1 60 25 63 83 85 73 '41 70 25 83 84 63 85 73 '40 '41 20 85 1 '14 25? 83 84 23 93 1 23 '46 '52 50 93 23
L23: 93 50 95 '75 25 93 50 95 1 23 65 40 85 83 23 '24 25 93 30 60 23 73 95 23 1 25 50 23 60 25 50 25? 93 50 63 23 93 '16 50 23 83 95 25 63 73 75 1 23 '19 95 63 23 73 ?? 23 73 95 50 23 75 63 95 ~15 '46 50 23 '26 30 25
L24: 95 93 63 23 73 95 23 73 63 73 95 23 73 95 63 85 73 '16 20 25 93 85 1 63 83 23 1 '27 25 '75 83 '16 ~25 '19 '87? '19 1 93 63 73 23 1 '25 '30 63 83 85 73 75 23 10 85 93 1 10 85 73 '25 '46 50 23 1 23 83 85 50?
L25: 93 95 63 85 73 '25 50 73 23 60 85 75 23 1 23 1 '19? 94? 83 73 23 70 1 85 65 23 75 23 1 '41 93 73 23 93 85 90 23 75 85 93 65 23 '24 '20 1 23 83 85 50 93 75 23 '50 70 23 1 75 1 23 70 50 93 95 85 83 95 ??
L26: 70 23 1 60 23 95 1 23 '46 '42 25 83 84 85 93 94 63 1 93 73 23 25 60 10 63 95 63 85 73 50 23 93 1 60 25 63 83 85 73 83 85 63 95 25 63 73 83 90 1 93 63 73 23 '24 '19? '46 83 25 65 40 25 ??
L27: '46 70 85 93 94 63 23 83 10 23 25 93 65 85 93 70 '42 60 85 75 23 1 23 1 50 23 83 75 23 83 84 63 73 30 85 83 75 93 75 63 95 '26 30 25 95 '19? '46 75 25 63 83 ?? 63 50 23 93 1 83 '99? 25 93 63 23 83 93 73 23 ??
L28: 20 85 1 95 93 73 23 65 85 60 60 93 73 23 '24 83 85 93 94 1 85 63 95 25 '99 '42 20 25 93 85 1 63 83 23 1 83 23 83 63 73 95 23 73 95 63 85 73 ?? 93 50 95 25 73 95 85 '99 '27 63 93 30 23 1 23 83 ??
L29: 10 85 73 23 83 '19 63 93 83 95 23 83 '19 70 1 85 70 1 23 83 '42 '25 1 23 83 95 25 93 1 25 95 63 85 73 '16 '25 1 23 50 63 30 63 85 73 '64 '19 '16 50 23 83 95 25 95 50 23 75 63 95 30 63 50 85 95 '99 20 23 [1 25]
L30: 23 73 95 23 73 75 1 23 83 25 65 40 25 1 30 23 '19 '41 95 63 1 25 90 25 90 25 73 95 25 1 30 23 73 95 '42 83 85 73 93 85 90 25 30 23 25 63 73 83 63 90 '46 '30 75 63 95 50 23 75 63 95 ~15 '46 63 23 '99 70 93 63 83 83
L31: 75 63 1 23 73 23 83 95 1 23 30 93 23 1 23 83 10 63 23 73 '57 ~85 '42 '27 60 25 93 94 25 63 83 85 20 20 63 65 23 83 '46 '28? 20 25 63 95 ~19 '19 25 ~7 20 25 63 95 '75 75 25 93 50 95 1 23 83 84 65 23 25 93 ▽
L32: '48 25 70 1 23 83 '16 50 93 90 '42 23 73 75 63 83 70 85 83 23 1 25 93 50 95 1 23 60 23 73 95 '46 73 23 70 1 23 95 23 73 73 75 '75 ~15 '16 65 23 93 ▽ '48 25 '11 83? '46 50 83? 50 23 70 1 23 60 63 23 1 70 1 23 83
L33: 75 23 73 95 70 1 23 95 23 73 95 '57 25 70 25 1 23 73 65 23 75 90 70 25 1 93 23 73 63 1 '52 ~25 70 23 93 50 95 ~15 '99 23 83 65 1 63 70 95 93 73 23 50 85 73 30 93 23 50 23 95 1 23 '46 63 23 73 93 85 90 23 '41
L34: 25 93 50 95 1 23 60 23 83 84 25 30 23 1 70 25 83 25 73 95 25 60 85 93 50 63 73 83 '19 50 25 75 1 23 83 84 23 65 40 23 83 '93 75 23 50 85 1 60 23 '14 '46 63 25 90 70 23 73 83 23 '75 '42 50 23 60 63 23 93? ▽?
L35: '29 '20 '65 50 85 90 83 23 25 93 83 93 1 50 25 10 1 25 73 65 40 23 25 95 23 73 75 25 73 95 65 23 '47 25 93 1 25 23 83 95 23 '74? 25 '35? '19 '52 75 63 23 93 73 85 93 83 1 23 30 25 1 75 23 1 25 23 73 70 63 95 63 23
L36: 83 93 1 '94 ~50 1 23 83 85 93 50 75 1 25 '16 83 85 73 '41 95 23 60 23 73 95 '52 93 73 80? 95 23 60 85 63 30 73 25 63 30 23 93 85 83 95 1 23 75 23 '51 '16 70 85 1 95 23 60 23 73 83 70 23 93 50 95
L37: 83 23 1 93 63 1 23 73 93 23 1 83 50 23 50 23 30 25 95 63 23 '99 83 93 70 50 63 23 95 1 23 83 40 93 60 10 50 23 60 23 73 95 '99 23 73 93 85 93 50 85 63 1 1 23 83 83 85 93 94 23 73 63 1 '19? '46 '52 23 73
L38: 93 73 23 60 23 63 50 23 93 1 23 83 25 63 83 85 73 63 50 70 23 93 50 95 70 1 85 20 63 95 23 1 25 93 70 93 10 50 63 65 '29 '50 1 23 83 83 85 93 94 63 23 73 24 '16 65 23 '48 25 20 25 63 95 75 23 83 63 83 95
L39: 23 1 '16 83 25 65 40 25 1 30 23 '19 '65 63 50 83 23 83 95 65 85 60 70 85 1 95 23 '19 '99 60 85 73 83 23 63 30 73 23 93 1 '48 23 83 95 93 85 83 95 1 23 83 23 1 93 63 95 23 93 1 95 1 23 83 40 93 60
L40: 10 50 23 [. — clair : C?? Molun? ; J'ay dit au porteur que luy feriez bailler ung escu]
