# BnF, Français 4715, n°47, f.70r — Montholon → duc de Nevers, s.d. (fin 1589 - début 1590) (résultat n°12) — transcription du chiffré.
# Chiffre « Vieuville–Nevers » (table publiée par S. Tomokiyo, cryptiana, non reproduite ici). Conventions : NN = lettre ; 'NN = code pointé (mot ou syllabe) ;
# ''NN = code à deux points ; ~NN = nombre surligné (nom) ; ?? illisible ; NN? doute ; [..] = clair de la lettre ou restitution ; « | » = limite de tuile de lecture ;
# ▽ = x ; z = z (« o souligné »). Préfixe = étiquette de ligne ou de segment de l'équipe. Transcription de l'équipe sur les images Gallica (non redistribuées). Licence CC BY 4.0.
== fr4715_n47_blocA
A3b1: 83? 85 50 93 1 '16 '14 '46 60 25 63 73 95 23 73 | 25 73 95 '99 70 85 93 94 23 83 75? '19? 25 75 63 95 | 23 73 '16? 1 63 23 1 23 25 '46 50 85? 73 30 '46? ?? 73 ?? | 23 50 23 93 85 93 50 85 63 95 75? '41? '14? 40? 90? | ?? 11 85 63 95
A4b1: 95 1 85 70 '16 40 25 z 25 1 75 25 65 85 73 50? 83 | 83? 50 23 1 '27 30 1 25 73 75 83 23 73 95 23 50 83? 25 | 25? 75 83 75 25 93 50 95 25 73 95 '40? 83 1 23 63 | ?? 1 23 95 85 50 63 23 73 95 '27 60? 93 94 25 63 83 23 83? | 93 23 73 83 23
A5b1: 60 23 73 ?? 83 84 93 1 50 23 93 1 83 65 85 73 83 23 ?? 63 | 63 50 23 1 ?? '19 '16 95 25 73 95 60 85 63 73 83 | 50 23 20 23 1 25 '24 '46 '93? 65 40 25 73 75 85 70? | 73 25 75 63 95 '46 '99 20 23 1 63 23 83 '14 '46 50 | 23 75 63 95
A6b1: 25 10 ?? '99 65 85 73 83 23 63 50 23 1 85 63 95 '47 | '20 10 63 23 73 50 23 60 85 63 23 73 1? '16 60 70 23 83? | 65 40 23 1 '11 65 93 73 '16 '99 75 85 73 23 1 25 75 | 93 63 83 60 23 83 60 23 83 23 73 '14 50 63 23 93 | 23 '40 50 23
A7b1: 93 1 83 ?? 25 ?? 95 63 85 73 83 83? 85 73 95 20 85 | 85 1 95 93 23 63 50 23 '24 83 '19 '46 95 23 50 83 25 | 25 75 93 63 83 83? 50 75 85 63 93 23 73 95 95? 85 25? ?? | 90 75 85 73 23 1 65 23 73 65 85 73 20 23 83 84 | '46? 63 83 73 65
A8b1: 23 83 95 ?? '42 '94 63 23 73 23 70 93 63 83 83 25 | 83? 63 85 93 95 23 1 25 '14 '46 1 1 1 23 83 93 23 93 '41 | 50 23 75 63 95 25 75 93 63 83 84 63 73 83 73 '46 | 25 90 25 73 95 93 23 94 50 23 50 23 30 25 95 '24 | 50 1 25 25 90
A3b2: 83? 85 5? 50? 93 1 '16 '14 '46 60 25 63 73 95 23 73 25 73 95 '99 70 85 93 94 23 83 75 19 25 75 63? 95 23 73 1 '16 1 63 23 1 23 25 '46 50 85 73 30? '46? 73 23 50 23 93 85 93 50 85 63 95 '75? '41 '14 '46? 90 '11 1 85 63 95
A4b2: 95 1 85 70 '16 40 25 z 25 1 75 25 65 85 73 50? 63 50 23 1 '27 30 1 25 73 75 83 23 73 95 23 50 83 25 '75 83 75 25 93 50 95 25 73 95 '46? 83 1 23 63 1 23 95 85? 50? 63 23 73 95 '27 '30 93 94 25 63 83 23 93 23 73 23?
A5b2: 60 23 73 83 84 93 1 50 23 93 1 83 65 85 73 83 23 63 50 23 1 83? '19 '16 95 25 73 95 60 85 63 73 83 50 23 20 23 1 25 '24 '46? '93? 65 40 25 73 75 85 73 25 75 63 95 '46 '99 20 23 1 63 23 83 '14 '46 50 23 75 63 95
A6b2: 25 10 23? '99 65 85 73 83 23 63 50 23 1 85 63 95 '47 '20 10 63 23 73 50 23 60 85 63 23 73 '16 60 70 23 65 40 23 1 '11 65 93 73 '16 '99 75 85 73 23 1 25 75 93 63 83 60 23 83 60 23 83 23 73 '14 50 63 23 93 '40 50 23
A7b2: 93 1 83 25 65? 95 63 85 73 83 83 85 73 95 20 85 1 95 93 23 63 50 23 24 83 '19 '46 95 23 50 83 25 75 93 63 83 '50? 75 85 63 93 23 73 95 ?? ?? ?? ?? 90 75 85 73 23 1 65 23 73 65 85 73 20 23 83 84 '46? 63 83 73 65?
A8b2: 23 83 95 '42 '94 63 23 73 23 70 93 63 83 63? 83 83? 25 75 63 85 93 95 23 1 25 '14 '46 '11? 1 1 23 83 93 23 93 '41 50 23 75 63 95 25 75 93 63 83 84 63 73 85 73 '46 25 90 25 73 95 93 23 94 50 23 50 23 30 25 95 '24 '50? 1 25 25 90
A3: 83? 85 5? 50? 93 1 '16 '14 '46 60 25 63 73 95 23 73 25 73 95 '99 70 85 93 94 23 83 75 19 25 75 83 95 23 73 1 '16 1 63 23 1 23 25 '46 50 85 73 30? '46? 73 23 50 23 93 85 93 50 85 63 95 '75? '41 '14 '46? 90 '11 1 85 63 95
A4: 95 1 85 70 '16 40 25 z 25 1 75 25 65 85 73 50? 63 50 23 1 '27 30 1 25 73 75 83 23 73 95 23 50 83 25 '75 83 75 25 93 50 95 25 73 95 '48 83 1 23 63 23 95 85 63 23 73 95 '27 '30 93 94 25 63 83 23 93 23 73 23
A5: 60 23 73 83 84 93 1 50 23 93 1 83 65 85 73 83 23 63 50 23 1 83? '19 '16 95 25 73 95 60 85 63 73 83 50 23 20 23 1 25 '24 '46? '93? 65 40 25 73 75 85 73 25 75 63 95 '46 '99 20 23 1 63 23 83 '14 '46 50 23 75 63 95
A6: 25 10 23? '99 65 85 73 83 23 63 50 23 1 85 63 95 '47 '20 10 63 23 73 50 23 60 85 63 23 73 '16 60 70 23 65 40 23 1 '11 65 93 73 '16 '99 75 85 73 23 1 25 75 93 63 83 60 23 83 60 23 83 23 73 '14 50 63 23 93 '40 50 23
A7: 93 1 83 25 65? 95 63 85 73 83 83 85 73 95 20 85 1 95 93 23 63 50 23 24 83 '19 '46 95 23 50 83 25 75 93 63 83 '50? 75 85 63 93 23 73 95 ?? ?? ?? ?? 90 75 85 73 23 1 65 23 73 65 85 73 20 23 83 84 '46? 63 83 73 65?
A8: 23 83 95 '42 '94 63 23 73 23 70 93 63 83 63? 83 83? 25 75 63 85 93 95 23 1 25 '14 '46 '11 1 23 83 93 23 93 '41 50 23 75 63 95 25 75 93 63 83 84 63 73 85 73 '46 25 90 25 73 95 93 23 94 50 23 50 23 30 25 95 '24 '50 1 25 25 90
== fr4715_n47_blocB
A9: 83 23 '16 '99 1 23 83 85 93 50 75 1 23 '52 '99 63 93 30 23 83 73 23 50 23 70 85 93 94 85 63 1 70 50 93 95 85 83 95 '75 '16 83 63 1 25 73 95 93 73 30 65 40 25 65 93 73 '46 '99 25 75 93 25 73 65 63 23 83 93? 85
B0a: 83 95 1 23 1? 23 83 85 50 93 95 63 85 73 '42 25 90 '16 1 25 '51? 1 23 50 63 30 63 85 73 '19 25 50 23 83 95 25 95 25 '99 '19 '11 ▽ 93 85 83 95 1 23 83
B0b: '19 '11 60 85 63 73 83 23 83 95 25 73 83 95 85 93 83 23 73 83 23
B1: 60 10 50 23 '11 63 83 23 1 '14 '46 '29 70 23 93 50 95 '19 75 85 63 95 '13 '26 95 23 60 70 85 1 63 83 23 1 25 70 85 1 95 23 '55? 1 93 90 73 23 '16 83 93 73 83 '19 '20 25 10 50 63 83 83 23 60 23 73 95 '16 83 '11 95
B2: 1 23 83 '22 75 23 83 63 1 23 1 85 63 83 '19 70 85 93 94 85 63 1 10 63 23 73 23 83 65 50 25 63 1 65 63 1 '16 '14 '46 '16 10 93 23 83 '75 '22 73 23 20 23 1 85 63 83 '25 75 63 20 63 65 93 50 95 23 '16 83 75 85 65
B3: 95 23 93 1 83 '30 63 83 70 93 63 83 '46? 65 23 83 95 23 83 65 63 23 73 '14 '31 83 95 65 25 65 40 23 '24? '22 70 1 63 23 1 25 90 '14 50 93 90 75 85 73 95 23 50 50 23 70 1 85 '14 '16 '40? '99 '24 93 60 63 73 23
B4: '?2 65 85 60 60? 23 73 83? ?? ?? 73 95 50 25 73 23 '24? 65 85 60 60 23 73 '14 1 23 73 '99? 95 73 23 1 23 83 85 50 93 95 63 85 73 '16 '25 '46 50 23 '27 10 85 73 83 '50 70 93 63 83 83 23 73 95 1 23 83 63 85 93 63 1 '19 '99 50 85 93 23 1
== fr4715_n47_blocC
C0: ~85 '19 16 60 23 93 1 23 1 23 83 85 50 93 3 '16 '26 1 23 65 85 30 73 85 63 83 95 1 23 '52 50 '50 '74 '64 '19 73 85 73 '11 50 95 1 23 60 23 73 95 52
C0>  ~85 [nom OUVERT] et demeure resolu, de le recognoistre s'il se faict catholique et non aultrement. Si
C1: 50 23 50 23 3 1 25 95 73 23 70 23 73 83 23 25 '28? '27 95 1 85 93 70 23 83 3 '16 '49? 40 50 50 25 95 1 25 70 23 1 85 73 95 '19 90 23 73 25 '47 83 3? 85 73 95 '41 95 63 83 23 73 65 23 83 3 95 23 3 '16 50 63 10 23
C1>  le lega[t] (?, lu « 3 1 » pour 30) ne pense a luy (?, ·20 lu 28), les troupes de [X '49? 40 50 50] (l')atraperont, et y en a qui sont partisens (?, '41 = par- syllabe) [de] ceste deli-
C2: 1 25 95 63 85 73 '19 '93 70 23 95 1 23 60 85 50 23 60 25 75 63 95 '46 52 93 85 93 50 63 23 83 3 10 63 23 73 35 '99 '50 23 3 16 10 93 23 83 3 25 60 23 73 23 1 '11 1 85 90 '25 '46 50 23 70 1 85 70 85 83 63 95
C2>  -beration. Et monsieur Petremol(e) m'a dit que si vouliés bien, ne (?) vous le (?) debués (?) amener au Roy, laquelle proposit-
C3: 63 85 73 '23? 3 9? 50 85 5? 93 1 73 23 24 73 1 63 83 84 23 24 65 40 25 73 50 63 93 25 93 50 95 83 23 73 '20 '40 93 23 1 95 25 3 2 '19 93 25 1 23 83 85 50 93 75 93 20 1 25 70 23 1 65 85 93 70 83 63 50 70 23 93 50 95 '47
C3>  -ion [X '23? 3 9? 50 85 5? 93 1 73 23 24 73 1 63 83 84 23 24 : « est (?) lour … ne en ris-sée » non compris]. Chanliuault s'en est ouvert a [X 3 2] et [X 93] a resolu du fraper coup s'il peult, qui
C4: 73 23 83 23 1 85 63 95 '42 25 65 85 ? 60 85 16 1 1? '27 25 '75 83
C4>  ne seroit pour a-co[m]-mo-de-r (accommoder, 2 groupes parasites) les affaires. [clair : « Le grand et l'avig… est dy, on … »]
