# HStAM 4 h Nr. 1411, f.23-24 — transcription du chiffré (n°67, 07/02/1637)
# Conventions : nombres à 2 chiffres = homophones de lettres ; MAJUSCULE = homophone de polygramme (ch, ei, st…) ; 3 chiffres = code de nomenclateur ;
# [texte] = clair de la lettre ; ? = lecture douteuse (alternative après /) ; # = groupe caché/perdu au bord ; ¤ ∇ ▽ ‡ j = signes spéciaux ; « | » = coupure.
# Préfixe de ligne = folio.bloc/ligne. Transcription de l'équipe sur les images HCPortal (non redistribuées). Licence CC BY 4.0.
f23.1: [Herr und gegeben,] 98 79 78 N 16 84 25 39 10 48 30 31 58 22 56 61 97 S 13 27 49 42 23 58 83 27 70 57 16 44 60 , 27 55 77
f23.2: 72 84 97 42 28 83 O Y 31 83 11 94 48 B 49 80 94 95 71 84 42 61 63 41 81 30 35 88 11 70 22 46 66 97 16 94 13 G 27 66 74 81 64 96 11
f23.3: 30 61 60 [und] 44 36 D 26 13 79 48 O 61 21 49 63 18 95 99 98 11 25 55 10 61 30 47 84 97 42 Y 44 49 22 27 55 W 46 70 77 18 73
f23.4: 97 L 79 T 16 19 96 66 71 84 42 61 22 60 83 58 97 27 66 16 24 79 97 43 16 15 60 24 83 43 48 47 89 97 27 36 49 70 84 50
f23.5: 61 15 13 72 55 91 16 65 62 31 43 61 82 61 98 Y 99 77 G 22 49 82 55 44 41 ? 30 11 23 60 f 29 16 15 66 27 32 16 97 21 61 A 16
f23.6: 27 55 31 ß 71 48 30 12 23 15 11 N 26 61 94 79 25 13 66 D 39 H 49 74 73 37 35 78 97 Y 26 39 15 13 ?37 78 29 16 22 12 50
f23.7: 16 30 60 84 74 35 36 57 72 66 44 [und] 72 16 25 90 66 82 61 31 32 30 F 50 54 48 72 49 83 90 58 76 16 40 55 15 79 22
f23.8: ?0 62 H 79 29 16 50 70 22 54 61 31 84 52 71 15 35 74 48 83 f 71 79 30 16 72 25 71 22 54 61 44 52 58 29 61 10 49 44
f23.9: 28 22 27 11 84 91 48 50 49 15 13 21 55 91 49 97 77 93 27 55 77 95 30 11 43 61 ?S 86 27 16 30 25 Y 13 84 26 21 24 83 37 58
f23.10: 97 22 61 83 16 30 11 Z 39 76 84 97 [bis dato] 83 66 30 29 16 83 94 13 52 58 90 58 10 30 11 22 29 61 63 74 73 83 27 61 85 22 98
f23.11: Y 74 48 26 32 66 61 71 22 29 16 Z 11 56 61 23 58 30 15 G 60 61 40 24 76 16 90 70 15 16 44 88 44 74 39 83 ?7 Y 42 49 30
f23.12: 76 Y 60 74 66 N 90 18 55 97 ? 60 25 Y D 74 26 : F 50 30 16 38 72 44 58 63 43 82 61 30 90 58 54 16 10 84 83 ?3
f23.13: 35 N 27 48 25 54 16 Z 70 15 60 27 55 13 18 16 22 27 49 30 92 73 44 11 54 27 66 49 51 73 O 61 83 83 66 41 10 16
f23.14: 52 55 15 79 31 37 35 99 26 49 79 84 15 10 11 54 16 39 15 13 27 70 22 55 44 67 84 31 48 30 X 66 49 22 16 44 26 61 31
f23.15: S 60 25 G N 13 94 39 91 43 61 92 58 25 94 90 61 26 18 84 30 32 84 83 77 35 99 94 49 22 98 88 97 ?10 10 16 25 24 23 46 11 16
f23.16: 37 Y 13 84 77 73 15 N 61 83 11 60 39 31 22 61 57 48 22 46 35 23 50 79 22 77 93 22 32 49 30 83 21 70 15 60 79 83 32 55 71 93 97
f23.17: 46 28 74 61 25 58 61 25 48 24 16 30 ?j 97 Y 10 58 63 29 39 H 16 22 X 39 27 49 44 90 58 40 70 15 16 83 X 58
f23.18: 99 27 11 29 13 G O 16 38 51 16 22 55 15 74 73 11 ?44 32 61 25 76 25 71 72 84 98 11 P 16 22 44 36 26 18 35 56 11 26 37 66 25
f23.19: 36 72 83 90 18 95 83 29 84 83 37 73 H 16 83 [und] 76 84 50 11 22 27 84 44 83 71 83 11 31 32 16 25 94 72 70 41 27 55 74 18 95 97
f23.20: 42 36 60 G 44 16 57 23 30 70 22 60 52 73 13 84 83 54 16 72 70 83 ?4 61 15 94 72 28 76 49 44 ; [Aufsehl..]
f23.21: [Befelch habe .. hausz] 76 Y 120 67 24 30 N 27 16 83 122 [und] j 79 B 84 25 22 58 56 10 79 25 15 16 29 58 83 43 32 61 97
f23.22: 95 42 88 84 30 23 15 35 W 48 83 16 22 27 16 38 49 56 76 86 84 H 11 43 43 79 37 16 74 61 83 61 44 60 25 Y D 13 60 :
f23.23: 27 70 56 11 26 57 55 83 46 66 49 39 83 43 16 22 84 31 16 18 79 98 48 30 76 24 22 29 61 83 42 35 N 26 84 63 S P 50 58
f23.24: 97 49 83 70 H 16 30 21 55 83 60 51 30 11 ?16 51 77 31 73 L 71 25 23 26 95 83 52 Y 94 84 63 82 48 30 10 G X 62 49 44
f23.25: [und] 67 16 22 73 76 25 11 O 16 44 18 70 30 32 84 22 76 61 25 54 56 11 26 77 Y 22 61 57 191 F N 22 16 57 16 44 92
f23.26: 35 22 60 84 46 55 63 188 16 ?4 70 60 S 50 27 36 16 54 79 15 32 84 25 29 61 42 70 N 26 [und] j 35 63 73 30 32 30 16
f23.27: 37 73 52 71 74 11 16 39 83 54 16 37 61 22 32 27 26 18 61 25 27 79 83 74 73 15 60 48 22 29 61 43 16 10 84 83 21 16
f23.28: ?A 48 83 [angehalten, darauf gibt er zur antwort, dasz er ..] 27 16 97 39 W 11 29 31 55 26 ?6 73 83 58 73 83
f23.29: 15 6 [gründtlig wehre, und er in mas] 36 72 31 23 25 70 29 60 73 10 56 55 22 32 39 44 F D S 86 27 61 83 51 71 31 23
f23.30: ?41 95 43 28 63 79 25 O 84 44 42 39 25 94 33 27 49 25 S 60 25 Y N 77 26 54 79 37 11 74 56 16 38 72 60 66 54
f23.31: 74 Y 22 92 73 83 26 16 77 35 52 11 72 79 94 56 70 83 32 36 84 X 71 15 27 48 30 44 77 35 97 29 49 39 15 ? 73
f23.32: 42 70 22 S 23 32 66 79 54 84 99 27 16 30 92 G 31 29 16 37 11 P 84 44 79 O 39 94 52 58 56 70 N 84 44 21 55
f23.33: 10 16 [und folgends und so viel desto mehr weil ein starckh gewürcht? gehet] 28 15 13 37 70 84 ?LL Y 22 48 83 ?Z 11
f23.34: H O 39 83 41 S 23 ?n 57 73 83 39 26 29 84 56 55 N 94 72 16 L 48 [und] 46 70 77 F F [und] 189 90 58
f23.35: 39 30 26 25 79 94 36 83 12 95 38 19 28 97 46 69 90 58 77 70 R 16 44 92 73 E 79 31 [und] 27 55 13 16 15 10 O 50 30
f23.36: 36 61 32 84 83 94 97 89 80 96 66 25 48 44 13 35 15 26 84 83 32 70 22 52 58 128 72 73 30 16 26 56 55 44 58 35 44
f23.37: 92 Y 22 48 42 29 49 77 62 83 60 16 44 27 61 30 67 79 74 18 84 29 84 83 27 70 21 11 83 92 35 R 16 22 13 35 15 94 48 ?60
f23.38: [will man auch sagen] 46 39 74 12 73 83 74 32 84 99 55 34 58 70 30 ? 61 90 24 O 61 A 11 44 87 83 51 35 R 84 44 77
f23.39: G 31 [und] 80 73 ?E 11 W 66 73 63 F 23 56 70 30 29 54 97 28 T 13 11 43 42 47 44 41 48 22 58 89 44 91 30 70 22 27 49 83
f24.1: 76 88 97 29 18 16 29 61 83 27 84 30 140 42 66 26 46 16 44 92 Q W 84 25 15 11 N 48 44 80 35 R 11 P 70
f24.2: 25 11 49 83 28 15 13 27 49 42 137 163 [undt] 177 Y 44 61 83 86 97 11 84 27 48 44 39 12 70 30 60 90
f24.3: 88 94 97 28 80 96 69 65 61 63 42 66 A 91 65 28 N 60 82 70 10 16 83 13 45 99 94 49 [dannen aber]
f24.4: [Ehgl. die beste nachricht haben werden ;] 58 83 W 79 30 79 29 39 97 83 69 77 45 83 48 44 13 G 44 94
f24.5: 28 15 68 93 58 16 97 46 48 30 76 61 60 67 55 68 67 11 49 200 83 35 94 98 49 63 96 66 43 18 49 29 43 84
f24.6: 82 16 83 [und] 42 70 22 46 79 31 13 89 15 46 ?29 60 61 83 80 45 R 95 68 [und] 82 55 99 91 202 82 11 83
f24.7: 50 97 45 43 84 10 16 22 42 58 13 67 55 97 90 88 39 91 48 97 Y 63 43 65 45 P 49 65 58 61 65 99 87 29
f24.8: 54 49 21 93 97 48 96 [desswegen ... Obristen Wartenburg ... alhier und ein]
f24.9: [... 6000 Thlr 1500 man ins quartier und das gradsche]
f24.10: [auf Ehgl. discretion mitbringen stelle ,] 98 Y 15 16 13 56 11 60 32 61 57 25 G 46 84 97 99 70 22 41
f24.11: 44 11 96 39 83 29 48 82 49 31 18 66 30 60 / 31 36 26 62 38 19 35 E 89 46 11 65 79 31 51 93 M 16 63
f24.20: [ist er zwar nicht abgeneigt , allein] 79 97 37 Y 13 83 11 60 98 11 16 61 30 73 83 84 j 62 46 84 22 [und] 42 11 A
f24.21: 43 58 94 48 31 97 49 67 61 83 S 77 86 30 70 22 60 46 73 74 11 X 79 63 67 95 49 63 O 48 31 51 35 R 16 63 18 11 99
f24.24: [weiter quartier haben könte ,] 46 66 79 X 18 49 67 16 83 ?P [oder] ?0 191 39 22 32 61 30 269 [oder]
f24.25: 69 63 57 16 19 92 48 15 76 24 97 43 47 22 41 49 97 82 55 15 96 79 63 18 73 99 94 49 83 ?80 [könte man]
f24.26: [Rapstein oder Wedell Regiment] 87 15 82 36 84 79 95 22 52 58 j 11 B 61 44 90 88 37 36 44 13 49 63
f24.27: 18 11 27 61 30 55 83 27 70 74 78 28 83 96 40 24 77 49 60 52 84 83 [und] 63 70 N 13 G 63 49 44 17 58 55 30
f24.28: 26 11 30 16 83 93 32 48 25 67 84 97 X 98 16 27 11 j 61 63 62 97 42 79 49 43 48 82 49 63 90 47 99 70 V 84
f24.29: 63 77 93 78 N 61 30 29 49 7 55 99 60 92 35 44 26 48 56 39 83 S D 27 69 48 212 83 70 N 27 16 30 269
f24.30: 18 16 83 77 11 61 S 23 22 84 98 48 22 10 71 30 43 [und] 27 58 97 N 27 28 68 231 18 84 29 49 44 27 49 97
f24.31: 99 Y 63 48 [und] 39 H 79 65 44 69 26 92 35 R 61 83 92 35 83 94 84 22 76 97 11 63 29 49 83
