# Ludovico Ridolfi -> duc d'Arcos, Rome 8/5/1646 : AHNOB, OSUNA, C.3456, D.107 (PARES, description 6449375 ; images 1-5 = chiffre, 6 = dos)
# Transcription de l'equipe, ARBITREE par le verificateur (7 corrections au zoom par rapport a la transcription du casseur :
#   lignes 22, 34, 36, 50, 78, 79 et 91 de ce fichier ; voir README.md, section 3).
# Un jeton par nombre, separe par des espaces ; une ligne = une ligne du manuscrit.
# F = signe separateur en forme de F retourne (ꟻ), sans valeur de lettre ; 42d = 42 surmonte d'un point (meme valeur que 42) ;
# nombres a 3 chiffres (100-136) = codes du nomenclateur (noms), non prouves ; suffixe ? = lecture douteuse.
# page 1 (image PARES 1)
L01  F 82 25 97 40 24 29 42 75 54 43 77 65 22 34 38 20
L02  38 25 32 20 66 80 78 25 34 42 33 31 68 41 73 36 20
L03  36 78 67 23 41 37 36 98 34 62 F 22 34 38 25 42d
L04  23 38 29 41 61 27 22 36 40 24 21 27 29 78 27 20
L05  24 25 34 61 F 64 126 24 23 34 54 36 70 41 29 33
L06  36 42 37 27 23 41 42 37 71 34 107 F 54 32 20 71
L07  43 78 64 62 27 23 36 27 21 71 41 29 26 50 38 21 41
L08  62 42 75 78 56 59 68 F 33 37 32 23 38 41 37 38
L09  23 42 78 25 34 42 33 31 68 41 73 36 25 36 78 67
L10  23 F 97 25 27 29 43 77 33 34 38 20 42d 37 66 34
L11  59 89 41 54 64 101 24 23 34 27 37 36 27 21 71 41
L12  62 F 38 29 41 97 40 24 25 36 73 40 24 21 42 75
L13  27 20 24 25 34 60 41 33 20 42 25 41 20 66 34 59
L14  27 22 43 75 72 89 41 61 66 34 59 41 37 54 31 65
L15  F 78? 29 41 73 24 21 29 22 34 27 25 56 68 72 41
L16  33 43 78 24 29 41 42 37 52 62 31 65 F 42 29
L17  22 24 107 42 25 41 20 42 75 78 25 75 22 20
L18  43 78 70 33 121 F 21 43 32 25 24 29 41 20 51
L19  42 37 31 68 72 40 24 21 42 78 42 37 27 23
L20  41 42 37 F 38 23 43 41 25 36 68 29 36 43 41
L21  25 41 21 66 34 62 42 75 78 71 34 107 F 68 36
L22  29 42d 21 36 73 22 34 27 23 36 87 68 38 22 24
# page 2 (image PARES 2)
L23  62 36 75 68 72 73 72 27 22 56 31 61 20 F 54
L24  40 24 25 36 73 33 34 107 68 36 32 20 26 51 25
L25  51 42 37 31 68 F 42 29 31 24 22 76 41 25 36 68 22
L26  34 27 20 56 68 24 21 41 42 37 52 62 31 61 29 24 21
L27  41 42 37 62 42 75 78 72 56 59 61 F 22 34 38 20
L28  41 77 78 29 38 33 25 27 22 24 78 20 73 36 25
L29  36 78 67 23 F 29 43 32 20 24 23 63 78 64 33
L30  37 66 38 25 41 61 20 34d 110 72 107 F 64 34 32
L31  25 62 70 78 31 41 20 36 71 55 36 76 F 29 66 32
L32  20 72 42 38 25 27d 33 20 78 27 23 41 22 29
L33  41 37 25 34 107 F 29 27 41 21 73 25 36 27 37
L34  41 20 64 33 36 37 31 67 27 20 42 37 42 33 25
L35  38 29 41 38 33 20 27 21 41 29 25 101 F 36 29
L36  41 97 68 36 74 51 76 41 20 64 61 121 42 33 73
L37  34 31 32 33 68 64 32 25 26 51 20 85 43 75 44 65
L38  68 24 22 75 F 71 34 59 25 41 54 75 121 68 36
L39  27 33 29 25 34 43 41 37 20 24 22 42 23 F 72
L40  27 29 50 66 24 65 86 63 27 20 25 41 33 24
L41  25 75 22 36 41 37 54 72 32 20 24 21 41 42
L42  29 36 77 78 38 21 41 40 24 21 42 76 42 38 33 20
L43  31 82 29 64 90 42d 29 82 24 36 75 66 34 83
L44  34 89 71 34 60 42 38 21 77 29 F 54 40 24 25 36
L45  73
# page 3 (image PARES 3)
L46  34 25 24 22 42 37 90 42d 29 44 21 41 37 F 126 66
L47  32 25 24 29 41 21 26 50 41 33 27 29 24 78 27 23
L48  41 22 21 41 37 70 116 F 54 22 37 42 29 36 78 64
L49  68 36 42 22 20 38 37 42d 33 51 60 64 59 81 36 76
L50  42 33 27 23 36 74 27 20 38 29 41 59 27 25 41 85
L51  31 65 36 20 25 136 F 38 21 41 29 42d 21 41 25 36
L52  27 23 41 20 40 44 21 34 60 57 36 75 31 66 38 33 29
L53  66 72 66 24 21 F? 29 64 38 21 41 37 40 24 25 36 74
L54  71 26 49 25 36 70 41 21 66 34 62 42 75 78 72 56 59
L55  68 38 20 41 21 38 33 44 24 21 41 22 42 33 56 60
L56  64 42 49 41 98 59 42 37 34 70 76 42 27 25 20
L57  24? 87 24 55 71 34 59 60 36 91 F 21 64 38 29 41
L58  59 24 25 34 72 75 41 37 42 22 27 23 36 74 27
L59  20 66 34 38 25 41 56 82 20 68 F 72 97 85 54
L60  31 82 37 41 55 36 76 42 23 42 38 29 43 75 41 29
L61  64 22 34 115 72 42 23 24 41 29 42 33 25 42
L62  75 78 63 36 80 55 36 76 20 66 83 77 25 41 29
L63  27 23 36 40 44 21 34 114 22 36 68 55 71 33 121
L64  F 22 34 114 22 24 25 36 73 57 56 42 27 41 33 24
L65  21 59 41 33 42 23 63 77 33 66 71 34 61 44 83
L66  68 43 77 72 103 72 42 23 34 60 44 20 41 42 33
# page 4 (image PARES 4)
L67  F 29 59 42 24 25 72 85 41 42 33 27 20 38 23
L68  62 42 37 F 29 43 33 23 32 37 85 43 78 24 21
L69  71 41 29 60 34 21 43 76 41 29 23 41 22 82 65 61
L70  25 74 42 37 31 68 41 25 56 41 20 36 76 F 33 34
L71  40 24 25 60 44 37 41 29 26 50 70 41 29 25 74 71
L72  43 78 114 F 61 73 72 27 22 56 59 74 27 20 77
L73  64 100 27 23 54 36 73 82 25 64 31 61 90 42d 29
L74  41 37 38 25 80 77 F 38 23 22 97 42 29 66
L75  24 23 41 21 26 50 38 41 29 24 25 60 41 21 38 21
L76  41 85 41 61 42 52 41 42 20 41 29 25 33 27 20
L77  38 22 71 34 61 24 83 68 43 77 F 40 24 25
L78  36 73 22 37 32 25 26 51 20 24 36 38 37 27 23
L79  72 76 36 38 23 54 36 71 41 37 59 22 23 38
L80  33 25 71 34 59 71 43 75 60 43 76 41 20 72 24
L81  25 36 73 57 25 126 F 20 34 59 40 24 25 60 68
L82  36 38 23 42d 37 72 41 25 34 43 41 37 71 34 66
L83  83 77 23 72 53 31 61 23 66 F 42 75 36 23 42
L84  29 36 38 41 21 66 22 55 71 42 33 56 76 41 56
L85  67 F 54 27 23 36 60 55 71 42 22 55 38 20 43 37
L86  60 64 56 42 25 41 20 70 75 42 44 51 78 59
# page 5 (image PARES 5)
L87  42 27 41 33 43 79 41 20 41 33 98 29 42 75 F
L88  21 43 22 23 68 36 44 37 41 29 22 64 27 23 36
L89  59 63 36 31 32 21 47 91 F 72 42 38 29 41 25
L90  78 53 31 61 23 66 42 33 25 27 23 41 70 42d 29 27
L91  23 36 61 121 F 38 37 33 97 22 34 108 54 91
L92  41 33 68 42 21 36 38 41 29 31 61 85 41 20 73
L93  38 22 25 41 60 37 86 41 76
