# BnF, Français 4715, n°37, f.60r — Montholon → duc de Nevers, Tours, 12/12/1589 (résultat n°9) — transcription du chiffré.
# Chiffre « Vieuville–Nevers » (table publiée par S. Tomokiyo, cryptiana, non reproduite ici). Conventions : NN = lettre ; 'NN = code pointé (mot ou syllabe) ;
# ''NN = code à deux points ; ~NN = nombre surligné (nom) ; ?? illisible ; NN? doute ; [..] = clair de la lettre ou restitution ; « | » = limite de tuile de lecture ;
# ▽ = x ; z = z (« o souligné »). Préfixe = étiquette de ligne ou de segment de l'équipe. Transcription de l'équipe sur les images Gallica (non redistribuées). Licence CC BY 4.0.
== fr4715_f60_bloc1
La: '46 '27 '49? 30 23 83 '35 '50 75 '25? 63 1 10 93 25 73 95 1 24 83 85 93 50 75 1 23 83 93 1 | 95 1? 3? 23 2? 24 85 70 23
Lb: 13? '14? 25 '25 '46 50 23 '29 70 23 93 50 95 60 25 73 '46 1 '46 ~13 '35 83 95 '64 73 90 74 23 75 63 95 '26 93 85 93 50 85 63 1 23 83 95 1 23 '46 '92 '24 '26 '50 1 85 63 95 '25 75 63 83 84 63 60 93 50 25 95 63 85 73 70 23 93 50 95 '20 1 23 1 23 75 85 93
Lc: 83 '24? 25 95 23 73 73 93 50 23 70 25 83 84 23 '46 25 93 65 93 73 83 75 85 65 95 23 93 1 83 '16 50 23 30 50 63 83 23 85 73 95 95 23 73 93 '46 '27 '64 70 85 93 94 85 63 23 73 95 85 10 23 63 1 25 ~7 23 73 '14 '47 '35 83 85 63 95 65 85 73 95 1 23 '27 '64 '19
Ld: '25 70 1 63 73 65 63 70 25 50 23 85 10 23 63 83 84 25 73 '14 '46 ~13 '16 '52 1 23 1 25 '16 '99 '50 1 25 '16 '75 '25 '81? [1 ▽ 64]? '16 '94 60 23 83 25 93 23 73 25 73 95 '99 23 73 '50? 1 23 83 1 23 83 70 85 73 83 25 10 50 23 '46 75 25 63 50 23 93 1 83 '24 '50 60 10 50
Le: '46 '99 23 73 83 85 90 23 z 23 60 70 23 65 40 23 '41 50 23 75 63 95 75 93 73 63 85 73 '46 '99 25 93 23 z 63 93 1 23 '48 73 90 '11 1 85 63 95 '11 65 93 73 23 75 85 93 10 95 23 '46 73 23 '16 93 83 83 63 23 z 83 93 63 94 1 23 '26 '41 95 90 '16 83 '64 '19 '99 10
Lf: 25 73 '16 1 65 85 73 95 1 23 ~13 '52 '99 93 23 85 90 23 z '48 '35 70 23 93 50 95 1 93 90 73 23 1 '41 '14 '46 '16 '49 1 93 90 73 23 83 93 63 95 '25 83 84 23 93 1 25 73 '14 '16 73 85 83 95 1 23 1 23 50 63 30 63 85 73 '48 '20 25 75 85 93 95 23 1 '46 '50 1 23
Lg: 73 75 25 73 95 ~7 '41 20 85 1 '14 '48 73 23 1 93 63 73 23 64? 75 85 73 95 '24 '50 1 25 75 63 95 '46 70 23 73 83 25 73 95 25 1 1 25 65 40 23 1 '26 '30 93 94 25 63 83 30 1 25 63 73 [73]? '29 11 1? 25 | 25 1 1 25 65 40 23 '26 10 85 73 '46 95 85 93 95 23 83 20 85 63 83
Lh: '17 '?5 '87? '25 1 23 50 63 30 63 85 73 '16 60 23 93 1 23 25 83 84 23 93 1 23 24 '57 '25 '46 50 23 25 83 84 23 93 1 25 73 '14 '24 '20 70 50 93 83 23 ▽ 70 23 75 63 23 73 95 '46 '26 1 85 90 25 93 60 23 83 85 63 95 75 63 93 63 83 23 '46 '16 60 23 93
Li: 25 73 95 23 73 83 85 73 23 73 95 63 23 1 83 93 10 63 23 95 [95 63 1 25 73 73 30 85]? '12? 73 23 20 25 63 83 25 73 95 25 65 85 73 83 63 '16 1 23 1 50 85 70 63 73 63 85 73 '46 75 63 95 23 83 '46 '29 70 85 93 1 1 25 '11 83 83 63 [75 63 1]? '16 '99 '46 [?] 83 85
Lj: 63 23 83 65 85 93 50 70 25 10 50 23 '16 '25 60 85 1 95 75 93 20 23 93 ~7 '19 70 1 63 73 65? 23 [ '16 83 23 25 '16 60 23 83 '13? ]? '92 '11 70 1 23 60 63 23 1 93 73 23 '16 65 50 23? 25 1 25 95 63 85 73 '46 '99 20 23 1 23 83 90 1 23 60 23 73 75 63 23 1 25 '19
Lk: 13? '12 '26 83 23 65 85 73 75 50 63 73 63 93 83 95 23 70 1 63 83 23 '16 83 '25 1 60 23 83 65 23 83 83 23 '41 '25 60 85 1 95 75 93 1 85 90 '19 '50 1 23 73 75 63 93 83 95 23 '41 [ '25 10 25 65 ? 95 ]? '25 70 1 23 95 23 73 95 63 85 73 '16 ~13 '16 1 23
Ll: 30 73 23 1 23 83 95 25 73 95 '12?
== fr4715_f60_bloc2
M1337: '19 '52? 73 23 93 85 94 50 23 83 84 93 63 93 1 23 65 23 83 95 23 93 85 90 23 '46 25 95 23 73 75 63 23 83 '16 93 23 85
M1395: 63 1 '14 '46 20 23 1 25 '26 '26 30 25 95 70 93 63 83 '46 73 23? 93 85 94 50 23 83 '97 '75 65 85 73 95 1 23 93 85 83 95 1 23 25 60 23 '47 '20 50 25 75 93 83 83? 75 93 75 63 95 83 63 23 93 1 1? '16 65 40 25 63 50 90 '22 73 25 90
M1441: '4? 50 23 25 85 '16 '42?
M1487: ~7 25 83 23 93 '46 '12 93 85 90 85 63 83 ~15 75 85 73 95 '24 '20 23 73 95 1 23 24? 73 93? 63 25 60? 85 93 83 90 23 '47 '74 '46 63 23 1 23 30 93 25 1 '16 70 50 93 83 70 1 23 83 25 '14 '46 63 25 90 25 '75
M1537: '47 60 25 75 63 95 '46 73 23 70 85 93 94 1 23 83 '11 65 93 73 23 60 23 73 95 '50 1 93 63 1 ~13 '48 '35 83 85 63 95 '74
M1587: '64? '46 50 '46? 23 83 70 23 1 25 73 '14 '48 '99? 75 85 73 23 '16 '14 '75 '19 '48 90 25 95 1 85 70 70 50 93 83 '16 60 25 50 '16 '99 90 63 83? 85 63 73 73 75 1 23 '46 '57 '87 '19 '46 63 73 20 63 73 63 83 60 25 50 40 23 93 1 83 83? 85 90 85 73 95
M1631: 25? 75 93 23 73 93 83 25 65 23 93 50 ▽ '47 85 73 95 20 25 93 85 1 63 83 23 '27 '82? '27 '46 50 83 '29 75 85 63 95 25 70 1 23 40 23 73 '16 1 23? '19 23 83 70 23 1 23 1 '46 75 63 23 93 20 25 93 85 1 63 83 23 1 25 '49 65 25 93 '50 '14
M1678: '46 '22 '99 1 23 70 1 23 83 23 73 95 23 '57 95 85 93 95 23 83 63 73 65 23 1 63 95 23
