# Marquis de Grana -> duc de l'Infantado, Madrid 9/4/1650 : AHNOB, OSUNA, CT.13, D.6 (PARES, description 3939362 ; images 2-3 = chiffre, 1 = dos).
# Transcription de l'equipe (lettre entiere, 36 lignes, 589 groupes), figee avant tout decodage. La page 1 a ete retranscrite a l'aveugle par le verificateur
#   (accord 95,4 % des groupes ; 13 desaccords, voir README.md).
# ^ = chiffre surligne (nul) ; a|b = lecture ambigue (a = meilleure lecture visuelle) ; X = croix/signe non numerique ; . = point du manuscrit.
# Debut : << Senor Mio. >> (clair) ; fin : clair << ...que V.E. se sirva recivir en buena parte este ofrecimiento... Madrid 9 de Abril 1650 >> + signature.
A1L01: 4 28 19 24 28 9 91 4 23 25 20 61
A1L02: 30 53. 10 17 30 19 96 82 19 51 17 63 62 10 25 78
A1L03: 51 92 42 17 30 4. 52 46 19 24 28 10 3 5 25 3 X
A1L04: 77|27 25. 3 18 28 50 19 95. 10 19 3 24 28 10 17 17
A1L05: 20 26 10^ 26^ 95^ 53^ 26^. 92 9^ 81 30 19 3 27 20
A1L06: 26 51 30 95 67 3. 30 3 28 19 24 28 10 177 98^
A1L07: 77 10 19 10. 9 19 20 26 27 4 48 25 96 18 28
A1L08: 6 13 20 26 3 18 30 63 26. 30 23 4 82 10 19 27
A1L09: 10 26. 28 30 10 19 53 17 20 26 18 3 30 40 81 26.
A1L10: 17 20 26 30 19 11 30 19 30 27 20 26 18 10 82 98
A1L11: 26 51 177. 30 17 3 10 26 27 30^ 30 18 3 47 20 19
A1L12: 24 28 10 18 20 25 10 46 26 28 12 25 3 19 51 45
A1L13: 30 95 13|17 10 19 98 26. 92 29 20 19 5 2 25 12 20
A1L14: 19 20 10 28 48 18 28 29 17 3 5 28 10 19 3 98
A1L15: 25 81 26 23 20 19 51 19 47 10^ 3 19 30 17 3 20
A1L16: 11 30 95 47 4 51 17 20 26 24 28 10 19 20 26 28 10
A1L17: 17 10 19 3 23 17 30 45. 25 77|17 3. 10 19 26 28 26 23
A1L18: 83 28|26 57|87 3 26 48 90 26. 30 23 28 10 26 30 20
A2L01: 76 46 92 98. 51 5 28 26 45 25 20 45 92 20 19 10
A2L02: 26 51 48 25 10 26 23 20 19 51 25 4^|X 17 3 26 13 20 19
A2L03: 25 80 26 30 71 25 46 51 26 24 28 10 71 13 3 46
A2L04: 177. 13 3 28 30 10 19 53 71 13 10 6 13 20 53 20 26 18
A2L05: 28 86 4 12 80 51 47 53. 30 9 17 12 20 3 1^ 6 97 5 20
A2L06: 51 26 10 20 10 19 23 17 10 3 25 17 20 27 20 53. 10 19
A2L07: 91 25 62 47 20 51 177. 48 73 68 61 80 23 20 25 65
A2L08: 26. 20 5 80 26. 163 91 92 25 6 40. 50 25 71 3 10 19
A2L09: 96 19 51 25^|25 94 12^|12. 28 26 98. 30 20 17 73 53 28 2^ 19
A2L10: 10 17 24 28 3 17 4 5 81. 51 10 19 45 72 76 25 94 26
A2L11: 48 19 5 10 77 10 19 97 3 26. 92 19 23 3 81 46 25
A2L12: 66. 23 28 10 10 26 98. 91 3 10 19 23 81 71 97 72
A2L13: 10 19 98. 23 28 10 26 51 72 44 10 75 30 19 96 19 47 20
A2L14: 19 30 17 10 30 48 78 46 80 23 20 25 65 25 20 5 80 26.
A2L15: 24 28 10 28|26 30 45 26 68 12 80 81 18 30 26 51 91 20 26. 30
A2L16: 66 26 3 28 91 19 96 26 92 10 19 23 81 76 46 92 95 19 51 24
A2L17: 28 30 10 19 66 26 93 65 46^ 47 96. 48 19 3 18 20 25 94 26
A2L18: 76 12 20 47 20 26 [clair : « Supp.do a V.E. se sirva recivir en buena parte este ofrecimiento… Madrid 9 de Abril 1650 » + signature + « S.or Duque del Infantado »]
