# BnF, Français 4715, n°48, f.71r — Montholon → duc de Nevers, s.d. (fin 1589) (résultat n°10) — transcription du chiffré.
# Chiffre « Vieuville–Nevers » (table publiée par S. Tomokiyo, cryptiana, non reproduite ici). Conventions : NN = lettre ; 'NN = code pointé (mot ou syllabe) ;
# ''NN = code à deux points ; ~NN = nombre surligné (nom) ; ?? illisible ; NN? doute ; [..] = clair de la lettre ou restitution ; « | » = limite de tuile de lecture ;
# ▽ = x ; z = z (« o souligné »). Préfixe = étiquette de ligne ou de segment de l'équipe. Transcription de l'équipe sur les images Gallica (non redistribuées). Licence CC BY 4.0.
# Lignes retenues (celles de la mesure du vérificateur) : L00-L06, L07r3-L19r3 (L10, L16, L17 en version r4), P1r4, P2, P3, Q1r4, Q2, Q3 ; « rN » = relecture N.
L00: [… luy fist grande response …] 23? 95 63 23 83 ?? 40 85 73 83 23 1 93 63 95 23 23? 1 60 25 63
L01: 83? 16? '74? 85 '24 '26 70 85 93 94 85 63 95 63 93 30 23 '14 '14? '46 23 73 93 85 63 23 83? 93 85 83 95 1 85 93 70 23 83 25 95 25 93 25 73 23 19 65 40 25 '8? 23 1 85 73 19 20 25 63 83? ?? 63 23 83 '25 30 93 23 1 1? 23 25? 83? 74? '42 '14 '25 '24
L02: '3? 85 63 83 84 23 75 25 93 85 63 1 20 85 1 95 60 25 93 94 25 63 83 23 85 70 63 73 63? 85 73 16 ~49? '65 70 50 93 83 63 23 93 1 83 '31? 85 73 95 75 63 95 60 23 83 60 23 83 ~75 '47 '30 25 83 83? 23 93 1 23 '46 '29 '99 25 20 25 63 95 23 73 ??
L03: 93 23 10 83 '2? 83? 95 85 93 83 '27 60 25 93 94 25 63 83 85 20 20 63 65 23 83 '47 '50? 70 23 93 94 23 73 95 '47 85 73 95 20 25 65 63 50 23 60 23 73 95 20 25 63 95 26? 93 1 85 70 23 1 25 95 63 85 73 '42 25 ?? 23 70 23 93 75 25 60 63 95
L04: 63 23 '4? 85? '65? 70 85 1 95 23 '14 '46 '29 '36 70 85 63 73 95 70 23 73 83 23 ?? '99? 16? 93 83 93 95 1 23 95 23 73 63 1 '16 '26 50 93 63 1 ?? 1 60 25 63 83 10 63 23 73 '49 1 23 50 63 30 63 85 73 19 23? ▽ 65 85 60 93 73 63 65 25 95 63 85 73 '19 83 93 1 95 85 93? 95?
L05: 93? 95? 94 85 83 95 1 23 70 63 23 95 23 19 1 23 50 63 30 63 85 73 1 23 70 93 30 73 25 73 95 23 25 '25? 83 63 23 73 73 23 19 '20 85? 83? 95? '14? 83 23 60 10 50 23 50 23 94? 85 83 95 1 23 70 1 23 60 63 23 1 23 1 23 83 85 50 93 95 63 85 73 75 25 95 23 73
L06: 75 1 23 '16? ?? 50 23? 1 25 95 63 ?? ?? 85 73 75 93 '26 30 25 95 19 '25 93? 60? 85 83 83 73 83 '25 65 85 73 73 93 23 ?? 1 23 1 ?? 85 73 16 ~7 19 63 93 83 '46 85? 83? 25 ?? ?? 95 23 1 ?? 70 70 85 1 16? 83 63 23 1 '65? '99 '74? 23 73 '14 '46 '99? 16? 60 23 93 1 23 93? 83 85 65 40 23 83 '99? 60 ??
P2: 83? 93 83 70 23 65 95 '19 1 23 83 85 50 93 '16 20 25 93 | 85 1 63 83 23 1 '47? 75 85 73 95 83 23 73 | 83 93 63 93 1 25 93 73 83? 65? 40 63 83 60 23 '19 60 | 60 23 83? 65 85 30 73 85 63 83 83? 25 73 65 23 '16 50 25 | 25 93 95 40 85 1? 63 95 23 16 ~7 '19 70 93 63 83
P3: 85 '25 1 93 90 73 23 '16 '25 1 23 50 63 30 63 85 73 | '19 '16 50 23 83 95 25 95 [Il y a des …]
Q2: 23 30 1 25 73 75 30 93 23 1? 1? 63 23 1 70 1 93 75 23 | 23 73 95 '19 93 63 30 63 50 25 73 95 [a ne …]
Q3: [… y a parlé d'affaires quelconques …] 83 93 50 95 | 95 85 83 93 95 25 93 85 63 1 '16 40 23 | 85 25 93 50 90 93 50 93 95 23 '24 '20 20 63 60
L07r3: 83 63 '99 '16 65 50 25 1 63 23 z 23 73 93 85 63 25 73 95 93 85 83 63 95 ?? 93 70 23 85 83 75 85 73 95 '19? ?? '99 63 83 83 85 1 25 83 85 63 95 30 1 23 '19 '16 60 23 93 1 23 1? '16 25 '16 20 63 25 73 '14 '16 93 85 83 63 73 95 23 73 95 63 85 73 83 25 ~7 '19 65 23 65 85 73 95 25 73 95
L08r3: 23 60 23 73 95 '11 ▽ '64 '47 23 83 70 23 1 85 63 23 73 95 '16? '99 73 85 74 '42 25 90 ?? 1 25 '25 85? 7? 60 25 63 83 25 65 25 93 83 23 '25 70 50 93 83 83 25 63 73 95 23 '19 63 93 83 95 23 '14 '46 63 23 '99 75 63 83 65 93 83 83 95 1 23 83 23 1
L09r3: 63? 95 23 93 1 73 93 50 23 60 23 73 95 50 63 30 93 23 93 1 '19 '42 25 93 85 63 1 65 85 30 73 23 93 25 '14 65 85 93 70 '46 ~13 '36 70 85 63 73 95 75 25 20 20 23 65 95 63 85 73 '16 '50? '75 '64? '19 '41? '51? '41 85 50 23 83 '19 '16 65 23 93 83 50 ~? '47 25
L11r3: 23 1 '26 60 85 73 75 23 '19 '14 70 23 73 75 25 73 95 50 85 93 95 25 10 50 63 1 '19 1 23 73 '16 1 23 95 23 50 60 23 73 95 20 85 83 '19 95 '40? 70 93 63 83 ?? 74 '42 '24 23 75 '25 50 85 90 '19 70 23 1 83 23 93 23 1 23 1 83 63 50 93 23 94 50 95 23 73 73? 85 73 40 23
L12r3: 1? 23 83 63 23 '19 25 10 85 50 63 1 '25 1 23 50 63 30 63 85 73 '64 '14 '46 85 73 '25 20 23 1 85 63 95 23 95 25 73 95 '16 '14 '46 '25 85 73 ?? 63 83 23 95 85 85 63 23 73 95 '19 65 85 73 63 93 85 63 23 73 95 '42 93 73 73 30 40 85 83 73 23 83 23 93 1 60 85 73 75 25 63 73
L13r3: '16? 93 1 74 85 93 10 50 63 23 1 50 23 93 1 75 63 23 93 '19 1 23 50 63 30 63 85 73 '42 '25 '46 50 23 '40 '24 83 85? 83 50 23 1 '16 60 93 85 63 23 73 95 75 65 85 73 93 23 1 95 63 1 '40 50 25 10 25 73 75 85 73 73 23 1 '19 '41 25 63 73 83 63 85 30 93 85 50 '25 1 23 50 63 30 63 85 73
L14r3: 83 74 23 20 93 95 '11 40 25 z 25 1 75 '11 '46 50 63 50 85 ?? '25 60 23 73 95 23 73 95 '14 85 83 73 95 50 23 83 ?? 20 1 93 63 65? 95? 83 '16 '25 95 23 70 63 75 63 95 23 '19 25 60 10 63 95 63 85 73 95 23 ?? 83 23 30 85 83 30 1 25 73 75 85 83 '19 50 25 70 93 73 63 95 63 85 73 '16 73
L15r3: 85 83 20 25 93 95 23 83 ~13 73 23 93 23 93? 50 85? 95 '46 ~15 25 63 83 50 23 93 23 1 83 50 23 50 23 83 30 50 25 95 1 23 60 23 95 25 73 95 73 23 25 93 60 85 63 73 73 30 85 83 25 90 25 75 93 63 83 23 1 '42 '93? 30 63 50 85 83 95 '50 25 '16 63 23 95 85 93 63 1
L18r3: 16? ~7 '42 23 75 70 85 93 93 85 63 1 25 93 95 1 23 65 40 85 83 50 '24 20 11 85 93 50 23 73 73 70 25 63 73 23 '16 '14 '46? '93? 83? '16 '25 30 93 63 65 40 23 1 25 63 '25 73 '16 '48? 50 23 30 25 95 '20? 25 93 85 63 95 23 73 94 85 90 23 1 '16 60 25 73 '16 23 83 63 ??
L19r3: 95 23 '42 70 25 83 83? 85 94 23 1 23 73 73 10 85 93 1 30 85 30 73 23 [n'y ayant point d'ouverture …]
L10r4: 85 65 40 23 73 95 '16 '20? 1 23 93 23 73 25 73 95 25 '14 '46 ?? 30? 75 85? 93 95 ~15 25 '49 70 1 23 60 63 23 1 23 1 63 30 73 '16 75 23 '25 83 23 60 10 50 23 '24 75 93 73 30? 85 50? 85 73 65 63 50 '47 73 23 83 95 ?? ?? 50? 85 73 30 75 63 83 65 85 93 1 83 '42 25 ??
L16r4: '19 '50 70 50 25 63 73 95 25 93 85 83 93 90 '16 83? 60 25 93 94 25 63 83 85 83? 20 20 63 65 23 83 '47 20? 85 73 95 23 83 95 23 20 25 63 95 65 85 83 '16 85 83 85 50 23 83 50 85 83 '22 '35 93 63 83 70 25 83 '47 70 93 63 83 83 93 30? 23 95 63 1 23 1 1 25 63 83 85 73 '24 ??
L17r4: 10 23 25 93 65 85 93 70 '16 70 25 63 73 23 '24 73 85 83 85 73 23 83 70 63 ?? 63? 83? 95 '19 '42 '20 1 23 63 23 93 73 23 '19 83 25 73 83 65 85 73 83 23 63 50 '22 70 23 73 83 50 95 85 93 83 93? 95 23 83 20 85 63 83 ?? '47 '16 60 23 93 1 23 1 25 23 73 73 '25 10 25 '46
P1r4: ~3? 93 '19 '94 '99 93 23 1 23 83 '16 '25 10 1 85 93 ?? 50 23 1 90 23 73 23 50 85 83 85 93 85 63 25 73 95 73 93 50 50 23 60 23 73 95 75 93 75 63 95 '26 30 25 95 '42 '20 1 23 83? 65 63 50 85 83 75 63 83 23 73 95 83
Q1r4: [… ceste chose obtenue] ~13 90 ?? 70 23 1 83 ?? 93 25 '16 93 73 23 30 1 25 73 '16 70 1 85 83 70 23 1 63 ?? | ?? 23 '24 73 ?? 1 25 ?? 83 63 '19 93 ?? | ~43 50 23 83 95 25 95 '16 65 85 73 73 23 83 95 25 10 50 23 '19
